tc
262.15393 242.96167 263.8994 247.69026 265.37137 261.23865 248.13664 262.6147 255.16196 263.83707 261.55557 255.9773 262.22192 
31.05876 46.141956 27.561977 41.09737 24.578712 28.132069 37.89757 28.753544 32.18047 24.599308 26.546144 9.781629 15.644364 
sfc_type
111.37076710981147 
44.74047868686988 
sk_temp
283.65118 
19.78732 
qv
3.9666257 
4.375533 
oe_wvp
18.048836 
15.562971 
near_sfc_precip
0.047525432 
0.22921856 
x_enc_prec
-0.035769727163602556 -0.011288459282123485 0.0025395084793184055 -0.04949954421971318 0.006379795846532911 0.03153232429895576 
0.381988214323595 0.3052448288522309 0.23588714352715143 0.39220661015736136 0.40680449685435005 0.24919357370981843 
