tc
172.58295 101.09319 194.71022 132.48866 219.26488 218.11345 163.62964 257.93765 229.89326 271.30518 266.49127 258.22556 266.8596 
20.9655 32.31992 19.623337 31.60958 22.2808 14.723263 27.47244 15.023948 27.124723 13.967746 18.726631 8.970008 10.455282 
sfc_type
4.4636551773353315 
25.114096223611075 
sk_temp
288.79288 
11.261115 
qv
7.849633 
4.943822 
oe_wvp
24.916843 
17.580933 
near_sfc_precip
0.07530318 
0.28768516 
x_enc_prec
-0.02755155926639549 -0.012085920216941411 0.023107114821951047 -0.05463355455648326 0.02173838578462856 0.03918646970670092 
0.2976156939145965 0.2422675781638679 0.23449080077446444 0.3828211506029426 0.29231675759725184 0.2841318135037925 
